Price	Number_of_Hours_Late	Number_Cancelled_per_Day_per_500	Bag_Delivery_Time	#_Lost_Bags
1998.41	0.4	53	25.4	2
1320.65	0.36	63	6.9	3
1914.15	0.42	28	7.9	3
1449.18	0.34	48	11.5	2
1217.93	0.35	38	25	1
1507.68	0.42	58	21	2
1511.73	0.39	53	23.4	3
1737.06	0.4	43	10.3	7
1965.15	0.44	53	32.4	3
1681.01	0.4	43	7	4
1984.17	0.36	63	6.8	3
1543.41	0.4	78	49.1	1
1496.81	0.38	43	14.5	4
2463.36	0.44	43	6.8	1
2098.29	0.4	53	9.6	0
1686.52	0.4	58	7.9	2
1597.91	0.41	38	10.8	4
1224.65	0.45	63	19.8	0
1629.16	0.43	63	15.8	2
1787.17	0.43	58	6.8	1
1873.38	0.4	58	18.7	2
1330.49	0.42	48	17.4	1
1786.58	0.37	53	9.5	2
1533.59	0.39	53	14.6	5
1659.22	0.38	53	27.4	1
1666.54	0.44	38	13.1	1
1463.5	0.39	43	7	1
1541.73	0.4	43	24.6	1
1902.17	0.42	38	17.9	6
1676.35	0.45	43	20.4	5
1917.83	0.41	53	7.8	3
1988.74	0.37	48	18.8	1
1857.12	0.36	53	31.7	3
2003.94	0.41	53	7.8	3
2252.25	0.4	33	24.5	2
1689.66	0.41	43	15.5	0
1906	0.38	18	11.6	1
1689.79	0.39	48	11.9	3
1257.94	0.41	63	9.2	1
1553.72	0.4	48	14.2	3
2028.7	0.34	48	6.8	2
1635.23	0.47	43	21.7	2
1479.54	0.35	28	13	0
1239.11	0.46	83	39.9	2
2089.49	0.41	68	25	3
1312.13	0.43	38	6.8	0
1698.59	0.38	63	19.1	4
1985.66	0.36	58	9.6	6
1386.39	0.4	73	35	1
1685.5	0.34	63	17.8	1
1551.63	0.36	38	15.5	
1314.54	0.44	38	15.4	
1757.95	0.47	33	6.8	
1388.42	0.39	48	8	
1614.8	0.42	18	12.7	
2291.62	0.41	48	23.6	
1731.89	0.33	43	6.8	
1881.61	0.43	68	21.7	
1662.95	0.37	113	12.6	
1498.28	0.36	68	6.9	
1601.23	0.42	63	7.9	
1221	0.37	53	8.6	
1751.22	0.44	53	30.9	
1593.18	0.38	48	6.8	
1394.82	0.44	33	10.7	
1738.39	0.36	38	12.4	
1398.19	0.38	68	9.1	
2254.53	0.36	38	9.7	
1572.89	0.39	58	13.8	
1913.28	0.4	48	13.2	
1717.45	0.39	48	6.8	
1948.65	0.36	48	6.8	
1229.49	0.4	53	29.3	
1157.76	0.41	73	26.2	
1600.1	0.36	78	29.3	
1688.88	0.37	63		
1463.15	0.46	48		
1764.85	0.4	43		
1421.54	0.37	63		
1763.35	0.45	48		
2057.14	0.44	43		
1460.51	0.41	28		
1944.47	0.4	63		
1440.45	0.37	43		
1998.18	0.35	53		
1902.77	0.33	48		
1606.77	0.42	63		
1604.74	0.39	38		
1284.5	0.4	53		
2027.62	0.39	38		
1653.68	0.33	33		
1244.92	0.36	63		
1466.08	0.32	28		
1377.24	0.4	23		
2075.75	0.42	48		
1688.97	0.37	48		
1510	0.35	38		
1491.49	0.44	53		
1510.68	0.39	53		
1940.22	0.35	43		
1249.45	0.39	43		
1798.85	0.4	63		
1521.68	0.39	88		
2144.89	0.38	33		
1213.22	0.38	78		
2096.94	0.36	48		
1884.55	0.39	53		
1654.86	0.38	28		
1657.24	0.44	63		
1585.82	0.43	43		
2064.99	0.37	43		
1715.9	0.44	58		
1904.46	0.39	73		
1500.6	0.42	43		
1958.4	0.42	48		
1878.94	0.41	38		
1839.86	0.43	38		
1227.64	0.36	38		
2042.12	0.41	63		
1710.98	0.41	58		
1480.62	0.33	73		
1437.92	0.42	68		
1873.71	0.37	33		
2033.83	0.46	78		
1161.23	0.39	58		
1752.24	0.37	63		
1520.89	0.39	73		
1126.18	0.35	43		
1728.96	0.4	63		
2033.54	0.45	33		
1514.36	0.42	63		
2035.1	0.38	68		
1135.8	0.38	38		
1844.82	0.37	48		
1225.62	0.48	43		
1698.54	0.47	48		
1462.8	0.4	48		
1649.67	0.43	58		
1260.08	0.37	63		
1441.55	0.43	38		
1718.09	0.38	38		
1045.29	0.37	53		
1889.43	0.41	48		
1434.18	0.41	78		
1667.24	0.4	68		
1736.65	0.44	43		
1204.74	0.45	73		
1813.2	0.38	28		
1722.28	0.37	53		
1319.62	0.44	53		
1817.22	0.4	53		
1599.72	0.34	38		
1446.22	0.4	58		
2105.41	0.35	38		
1659.54	0.38	73		
1766.49	0.42	53		
1303.72	0.44	63		
1109	0.46	53		
1079.32	0.38	68		
1506.94	0.37	48		
1968.65	0.4	63		
2113.78	0.45	53		
1758.99	0.38	38		
1324.9	0.38	48		
2215.03	0.44	58		
1900.68	0.43	53		
1549.95	0.46	58		
1691.92	0.44	53		
1540.09	0.4	48		
1658.63	0.47	68		
1288.25	0.38	63		
2119.67	0.36	53		
1845.25	0.44	68		
1831.57	0.46	53		
1437.29	0.38	53		
1501.26	0.39	43		
1794.2	0.35	43		
1770.41	0.35	43		
1868.94	0.36	48		
2052.98	0.42	43		
1204.41	0.33	28		
1970.18	0.52	63		
1760.65	0.41	43		
1083.67	0.38	63		
1567.9	0.42	38		
1442.83	0.32	33		
1301.9	0.43	28		
1799.34	0.39	58		
1146.43	0.36	63		
1705.27	0.43	53		
1787.97	0.39	43		
1732.77	0.36	73		
1847.61	0.33	48		
1445.55	0.41	43		
1744.22	0.4	63		
1661.19	0.44	63		
1964.38	0.36	63		
2021.89	0.46	63		
1505.94	0.44	33		
1903.09	0.34	43		
1626.11	0.38	38		
1416.28	0.38	43		
1681.12	0.45	38		
2072.79	0.38	68		
1567.42	0.37	43		
1685.49	0.41	53		
1662.1	0.37	63		
1265.01	0.31	38		
1860.45	0.43	63		
1802.22	0.39	63		
1463.81	0.41	33		
1557.26	0.38	33		
2164.8	0.38	23		
1701.82	0.44	33		
1427.22	0.46	63		
2347.54	0.37	58		
1973.1	0.34	58		
1503.01	0.37	58		
1598.22	0.39	38		
1819.49	0.38	38		
1028.18	0.43	43		
1987.12	0.42	68		
1807.45	0.45	48		
1384.82	0.37	43		
1790.83	0.41	38		
1965.66	0.44	33		
1579.71	0.47	58		
1826.08	0.34	63		
1633.67	0.41	43		
1765.78	0.37	38		
1428.54	0.37	43		
1729.74	0.46	48		
1785.79	0.37	63		
1104.88	0.48	53		
948.82	0.45	48		
2054.46	0.38	43		
1401.41	0.4	48		
1831.01	0.42	48		
1931	0.4	43		
2007.98	0.4	53		
1588.63	0.38	48		
1697.74	0.42	48		
1758.99	0.37	48		
1235.18	0.42	48		
1731.42	0.42	58		
1326.05	0.46	38		
1412.26	0.39	63		
1420.4	0.43	33		
1786.49	0.38	48		
1204.41	0.45	63		
1613.4	0.42	53		
1506.92	0.4	58		
1863.58	0.4	63		
1257.75	0.37	53		
1595.38	0.45	78		
1517.05	0.38	53		
1596.42	0.45	53		
1675.32	0.41	63		
1596.95	0.41	28		
2005.82	0.37	53		
1876.92	0.42	78		
2014.54	0.38	43		
1234.75	0.38	63		
1650.06	0.36	73		
1268.02	0.41	48		
1396.03	0.43	53		
1350.1	0.37	83		
1853.62	0.35	68		
2203.08	0.38	18		
1591.71	0.41	28		
1715.95	0.37	53		
1184.98	0.39	58		
1556.94	0.4	63		
1503.33	0.42	43		
1739.58	0.42	38		
1722.85	0.43	68		
1818.17	0.37	63		
2092.36	0.4	38		
1411.66	0.37	43		
2073.07	0.37	43		
976.19	0.32	43		
2136.16	0.42	63		
1545.89	0.38	88		
1521.98	0.44	48		
2147.38	0.4	48		
1828.77	0.47	38		
1963.58	0.37	33		
1574.46	0.4	28		
1429.68	0.46	43		
1297.01	0.36	43		
1760.23	0.42	48		
1868.38	0.36	58		
1426.22	0.36	68		
1245.09	0.35	63		
1212.38	0.36	48		
1508.45	0.39	48		
1731.33	0.44	43		
1786.75	0.47	73		
1457	0.39	68		
1582.58	0.39	78		
1038.01	0.38	33		
1463.85	0.38	38		
2058.35	0.38	33		
1668.08	0.39	53		
1568.62	0.41	78		
2031.42	0.44	43		
2059.31	0.33	43		
1452.12	0.4	33		
1511.62	0.39	23		
1773.18	0.39	53		
1506.78	0.43	43		
1337.86	0.39	38		
1289.3	0.39	58		
2306.69	0.37	33		
1478.77	0.4	48		
1610.38	0.38	48		
1796.12	0.36	78		
1505.45	0.42	28		
1470.13	0.45	48		
1573.43	0.42	53		
1672.71	0.4	68		
1301.44	0.45	58		
1703.78	0.44	28		
1644.16	0.34	78		
1851.59	0.32	73		
1569.99	0.33	23		
1235.94	0.4	43		
1621.43	0.41	58		
1782.14	0.46	68		
1879.1	0.36	78		
1465.25	0.38	58		
1577.26	0.42	43		
1880.48	0.37	63		
1806.2	0.43	43		
1746.59	0.41	48		
1715.98	0.4	63		
1851.81	0.42	73		
1539.45	0.37	78		
1675.05	0.38	53		
1435.1	0.37	48		
1659.19	0.39	53		
1666.23	0.43	33		
1722.9	0.4	48		
1573.45	0.41	48		
1862.18	0.42	38		
1517.23	0.4	38		
1631.38	0.4	58		
1740.18	0.38	48		
1344.7	0.44	53		
1663.94	0.39	63		
1582.2	0.37	38		
1333.59	0.47	58		
1626.5	0.39	38		
1246.17	0.34	58		
1378.48	0.39	53		
1801.75	0.39	53		
1674.28	0.43	58		
1710.14	0.43	28		
1357.91	0.37	53		
2016.19	0.38	48		
1631.19	0.36	48		
1651.35	0.4	43		
1591.5	0.44	68		
1661.65	0.38	53		
1852.67	0.38	28		
2125.62	0.36	28		
1688.59	0.38	48		
1599.09	0.42	43		
1759.13	0.4	53		
1400.74	0.42	48		
2096.59	0.41	33		
1060.58	0.39	58		
1557.59	0.39	58		
1291.26	0.4	38		
1538.18	0.38	53		
1675.66	0.47	78		
2105.98	0.42	48		
2002.45	0.39	43		
1901.86	0.46	43		
2238.86	0.39	48		
1878.7	0.38	68		
1873.18	0.42	53		
1566.46	0.44	68		
1991.04	0.4	53		
1542.6	0.42	48		
1399.24	0.36	38		
1839.46	0.39	58		
1568.79	0.36	68		
1787.2	0.4	68		
1848.36	0.36	48		
1907.72	0.39	23		
1670.98	0.36	43		
1638.74	0.46	58		
2041.23	0.43	48		
2012.65	0.38	38		
1709.14	0.41	63		
1446.58	0.39	78		
1520.54	0.39	28		
1304.62	0.52	53		
1893.72	0.38	83		
1849.58	0.42	53		
1496.78	0.36	73		
1537.75	0.4	48		
1569.94	0.42	58		
1166.44	0.42	38		
1337.95	0.36	38		
1571.43	0.4	48		
1462.54	0.47	43		
1987.8	0.37	53		
1373.84	0.41	63		
1413.46	0.36	48		
1490.33	0.43	33		
1663.29	0.44	53		
1321.22	0.4	43		
1820.79	0.33	63		
1431.45	0.43	43		
1387.94	0.4	48		
1152.22	0.34	53		
1323.82	0.41	18		
1480.01	0.38	48		
1403.86	0.42	53		
1825.15	0.4	48		
2005.64	0.35	38		
1872.13	0.36	68		
1383.49	0.39	43		
1645.37	0.42	68		
1674.1	0.36	53		
1630.1	0.4	58		
1467	0.36	53		
1433.48	0.38	53		
1954.37	0.46	63		
1492.56	0.38	48		
1675.36	0.4	38		
1081.89	0.35	48		
1599.75	0.4	48		
1407.22	0.35	33		
1399.91	0.39	48		
1797.17	0.34	48		
1631.96	0.37	63		
1354.17	0.44	83		
1069.2	0.4	48		
1645.99	0.36	53		
1700.15	0.38	63		
1978.79	0.36	58		
1922.9	0.44	38		
1385.4	0.35	48		
1840.38	0.4	28		
2274.92	0.35	53		
2091.73	0.37	63		
1999.13	0.39	63		
1824.66	0.41			
1841.67	0.39			
1687.32	0.45			
1813.06	0.37			
2403.56	0.36			
1700.47	0.4			
1255.89	0.36			
1511.8	0.44			
1671.23	0.4			
1439.32	0.37			
1946.57	0.4			
1782.83	0.43			
1691.9	0.33			
1639.82	0.44			
1163.37	0.39			
2004.26	0.38			
1598.17	0.38			
1631.82	0.39			
1594.72	0.37			
1420.15	0.43			
1486.82	0.37			
1434.82	0.37			
1495.68	0.4			
1516.32	0.49			
1448.59	0.37			
1992.02	0.41			
1517.1	0.44			
1531.94	0.38			
1347.74	0.43			
1759.79	0.39			
1788.08	0.4			
1040.51	0.4			
1994.16	0.36			
1161.24	0.37			
1480.94	0.41			
1470.07	0.38			
1654.39	0.39			
1423.76	0.37			
1453.95	0.44			
1835.07	0.36			
1555.26	0.45			
1545.88	0.38			
1407.33	0.47			
1613.68	0.4			
1813.14	0.42			
1949.74	0.38			
1349.11	0.4			
1461.06	0.39			
1864.07	0.43			
1795.97	0.39			
2190.21	0.42			
1752.7	0.35			
1441.02	0.4			
1668.5	0.43			
1493.94	0.44			
1387.18	0.37			
1446.58	0.36			
1812.46	0.4			
1688.63	0.4			
1684.49	0.41			
1713.38	0.41			
1077.04	0.33			
1455.96	0.43			
869.5	0.32			
1961.96	0.38			
1343.5	0.4			
1782.64	0.44			
1805.06	0.39			
2125.86	0.39			
1494.65	0.4			
1161.35	0.44			
1447.39	0.39			
1704.42	0.39			
2151.84	0.34			
1990.06	0.35			
1688.64	0.37			
1408.62	0.44			
1322.02	0.37			
1721.84	0.44			
2092.69	0.37			
1523.74	0.41			
1453.14	0.39			
1740.97	0.35			
1183.58	0.37			
1565.36	0.48			
1513.82	0.39			
1923.95	0.39			
1194.11	0.41			
2213.17	0.41			
1471.59	0.44			
1622.74	0.41			
1577.18	0.38			
1495.13	0.37			
1676.32	0.35			
1931.9	0.42			
2126.94	0.4			
1593.66	0.41			
1247.44	0.42			
1056.26	0.39			
1773.27	0.44			
1812.59	0.36			
1666.36	0.41			
1583.62	0.43			
1680.91	0.39			
1110.17	0.36			
1734.61	0.42			
1376.5	0.37			
1515.38	0.43			
1673.69	0.38			
1894.34	0.39			
1636.87	0.39			
1655.92	0.42			
1566.82	0.37			
925.22	0.4			
1686.46	0.42			
1758.6	0.36			
1866.78	0.4			
1816.86	0.39			
1077.42	0.41			
1063.9	0.39			
2012.85	0.35			
1967.86	0.36			
1520.96	0.38			
1523.57	0.42			
1472.1	0.39			
1283.37	0.4			
1411.73	0.42			
2082.37	0.4			
1905.87	0.39			
1485.77	0.4			
1972.73	0.42			
1764.85	0.41			
1540.7	0.36			
1553.39	0.41			
1731.74	0.35			
2240.06	0.49			
1405.88	0.39			
1330.25	0.46			
1663.86	0.4			
1553.46	0.37			
1147.98	0.47			
1560.26	0.47			
1591.86	0.4			
1154.31	0.4			
1587.35	0.4			
1601.53	0.46			
2185.95	0.38			
1590.86	0.4			
1285.18	0.41			
1747.16	0.38			
1855.23	0.37			
1558.86	0.42			
1437.58	0.39			
1335.22	0.39			
1530.25	0.41			
1704.84	0.4			
1955.47	0.39			
1815.73	0.41			
1287.28	0.44			
1349.62	0.39			
1944.49	0.41			
1880.12	0.33			
2065	0.42			
1744.03	0.4			
1125.27	0.39			
1506.29	0.34			
1276.07	0.38			
1632.02	0.42			
2061.73	0.39			
1541.16	0.42			
2253.73	0.43			
1925.42	0.38			
1593.07	0.38			
2087.69	0.39			
1775.39	0.37			
1338.41	0.39			
1224.14	0.39			
1687.14	0.42			
1548.96	0.44			
1955.88	0.41			
1435.39	0.35			
2124.97	0.39			
1494.64	0.42			
1215.48	0.45			
1800.57	0.49			
1428.16	0.37			
1629.8	0.42			
1367.38	0.4			
1919.48	0.41			
1865.06	0.39			
1745.62	0.42			
1557.7	0.45			
1213.59	0.44			
1999.96	0.41			
1167.79	0.4			
2070.42	0.38			
1553.62	0.39			
1739.78	0.37			
1424.3	0.43			
1168.08	0.4			
1171.86	0.41			
1763.55	0.42			
1419.87	0.41			
1012.57	0.38			
1765.66	0.43			
1683.14	0.34			
1037.98	0.32			
1467.37	0.36			
1895.62	0.35			
1605.82	0.39			
1686.97	0.39			
1602.98	0.47			
1367	0.43			
2141.72	0.43			
1764.74	0.42			
1533.38	0.41			
1114.46	0.42			
1559.09	0.3			
1835.49	0.41			
1009.74	0.41			
1527.78	0.38			
2037.51	0.39			
1958.03	0.41			
1364.02	0.35			
1508.74	0.45			
1827.13	0.44			
1652.46	0.42			
1774.68	0.4			
1465.65	0.42			
2010.2	0.43			
1988.87	0.38			
2102.1	0.39			
1537.59	0.4			
1795.64	0.39			
1344.74	0.41			
1261.85	0.38			
1260.14	0.37			
1112.72	0.4			
1335.98	0.36			
1746.27	0.39			
1382.01	0.4			
1879.81	0.38			
1350.42	0.46			
1684.71	0.4			
1603.02	0.4			
1492.78	0.36			
1328.2	0.38			
1903.4	0.35			
2304.25	0.41			
2130.22	0.36			
1626.14	0.44			
2097.53	0.33			
1093.54	0.41			
1396.09	0.4			
1638.63	0.43			
1368.79	0.41			
1736.94	0.43			
1720.17	0.38			
1607.34	0.43			
2027.24	0.36			
1829.11	0.37			
1900.3	0.41			
1819.42	0.47			
1382.82	0.41			
1719.18	0.42			
1439.44	0.37			
1930.38	0.39			
1897.83	0.39			
1626.12	0.44			
1759.71	0.38			
1605.36	0.41			
1374.04	0.35			
1616.45	0.35			
1484.08	0.4			
2188.62	0.39			
832.46	0.4			
1425.22	0.41			
1620.99	0.38			
1822.45	0.42			
1953.15	0.39			
1192.17	0.38			
1383.14	0.39			
1909.91	0.41			
2027.95	0.35			
1819.18	0.37			
1759.32	0.38			
1897.05	0.37			
1910.16	0.38			
1345.78	0.43			
1535.26	0.38			
1781.94	0.5			
1828.84	0.35			
1756.42	0.41			
1941.79	0.41			
1642.94	0.37			
1962.06	0.47			
1677.39	0.41			
1308.13	0.39			
1498.02	0.41			
1627.95	0.47			
1729.11	0.38			
1321.94	0.41			
1924.73	0.36			
1150.96	0.4			
1643.52	0.38			
1464.14	0.37			
1858.55	0.43			
1395.85	0.4			
1960.93	0.36			
1792.17	0.36			
1662.47	0.43			
1882.73	0.37			
1872.9	0.41			
1335.03	0.35			
1606.44	0.41			
1102.84	0.39			
1676.29	0.49			
1566.22	0.42			
983.62	0.38			
1467.18	0.41			
1422.04	0.36			
1861.62	0.4			
1431.54	0.38			
1697.2	0.42			
1519.48	0.37			
2077.9	0.44			
1807	0.43			
1183.44	0.42			
1954.15	0.42			
1144.95	0.44			
1768.37	0.44			
1729.19	0.4			
1708.46	0.38			
1598.2	0.4			
1671.26	0.36			
1393.94	0.39			
1861.22	0.43			
1439.86	0.42			
1618.12	0.36			
1669.43	0.37			
1066.75	0.38			
1805.06	0.42			
1743.29	0.41			
1568.2	0.39			
1544.24	0.45			
1747.55	0.43			
1808.12	0.44			
1622.18	0.39			
883.34	0.43			
2134.26	0.39			
1531.74	0.41			
1244.03	0.43			
1382.58	0.4			
1516.34	0.34			
1638.06	0.45			
1708.32	0.41			
1457.36	0.4			
1581.22	0.41			
1471.42	0.39			
1749.37	0.39			
1324.38	0.36			
917.38	0.42			
1350.96	0.37			
1710.61	0.41			
1332.28	0.37			
1480.5	0.43			
1660.47	0.4			
1645.5	0.42			
1531.76	0.4			
1710.07	0.39			
1027.96	0.39			
1241.23	0.4			
1213.85	0.37			
1120.6	0.42			
1778.49	0.4			
1216.58	0.42			
1544.96	0.33			
1676.18	0.45			
1548.54	0.38			
1381.21	0.4			
1451.5	0.34			
1886.23	0.4			
2113.18	0.4			
1649.13	0.39			
1569.08	0.35			
1387.79	0.39			
1334.3	0.38			
1585.23	0.4			
1794.87	0.41			
1679.75	0.47			
1385.3	0.4			
1647.73	0.38			
1255.17	0.41			
1708.41	0.37			
1375.18	0.45			
1804.84	0.39			
1037.21	0.35			
1499.7	0.37			
1330.62	0.38			
1431.66	0.4			
1778.24	0.4			
1627.39	0.35			
1193.74	0.35			
1518.12	0.38			
1561.57	0.36			
1426.63	0.41			
1860.78	0.39			
1367.73	0.46			
1759.15	0.35			
2308.62	0.34			
1580.86	0.43			
1692.44	0.41			
1615.34	0.36			
1865.6	0.41			
1263.75	0.36			
1280.85	0.42			
1859.53	0.39			
2035.78	0.45			
1605.25	0.37			
1898.52	0.41			
1332.1	0.36			
1847.63	0.36			
1655.68	0.43			
1317.06	0.45			
1302.88	0.42			
1703.58	0.39			
1546.72	0.48			
1983.7	0.38			
1585.55	0.43			
2045.38	0.42			
1413.06	0.36			
2434.65	0.47			
1775.91	0.38			
1590.5	0.36			
1827.98	0.38			
998.71	0.39			
1516.9	0.36			
2145.6	0.42			
1717.18	0.35			
1614.67	0.42			
1884.49	0.47			
1168.52	0.39			
1389.55	0.44			
2169.5	0.4			
1768.8	0.39			
2091.06	0.35			
1637.83	0.44			
1247.17	0.39			
1748.74	0.44			
2062.33	0.4			
1575.73	0.44			
1521.98	0.43			
1495.23	0.38			
1229.78	0.42			
1365.53	0.42			
1345.43	0.33			
1092.53	0.37			
1621.5	0.38			
1593.58	0.42			
1762.48	0.37			
1657.65	0.38			
1409.6	0.41			
2659.59	0.32			
1488.19	0.33			
1483.38	0.43			
1603.1	0.37			
800.58	0.46			
1144.22	0.35			
1851.75	0.41			
1056.71	0.39			
2006.02	0.4			
1639.83	0.46			
1357.21	0.36			
2054.32	0.36			
1732	0.39			
1510.56	0.44			
1912.72	0.4			
2107.09	0.4			
1940.08	0.39			
1887.18	0.42			
1452.24	0.36			
1488.78	0.45			
1839.57	0.39			
1860.65	0.38			
1651.03	0.41			
2182.82	0.37			
1783.09	0.41			
1456.4	0.45			
1121.37	0.47			
1920.13	0.41			
1669.91	0.4			
2002.97	0.4			
1985.04	0.34			
1369.76	0.39			
1793.26	0.4			
1847.63	0.36			
2180.24	0.39			
1988.16	0.39			
1521.19	0.41			
1532.1	0.34			
1227.57	0.42			
927.43	0.37			
1846.95	0.42			
1467.54	0.36			
1485.47	0.37			
1651.23	0.46			
2109.42	0.33			
1179.51	0.37			
1791	0.43			
1648.49	0.4			
2057.56	0.42			
1804.07	0.39			
1980.5	0.34			
1740.51	0.39			
1434.43	0.38			
1479.29	0.41			
1381.08	0.39			
1787.81	0.36			
1033.69	0.36			
1275.95	0.37			
1823.85	0.38			
1617.32	0.37			
1116.63	0.37			
1762.98	0.47			
1772.89	0.46			
1998.85	0.41			
1668.44	0.43			
1303.07	0.38			
1657.14	0.41			
1371.9	0.39			
1528.6	0.37			
1505.25	0.38			
1719	0.53			
1199.93	0.4			
1701.34	0.41			
1885.24	0.39			
1955.02	0.52			
1643.66	0.41			
1195.14	0.4			
1138.12	0.35			
1343.1	0.47			
1606.94	0.43			
1504.35	0.41			
1965.68	0.44			
1695.96	0.41			
2042.24	0.47			
1973.68	0.48			
2133.44	0.38			
1789.99	0.36			
1669.29	0.43			
1849.98	0.37			
1546.74	0.37			
1709.11	0.42			
1622.12	0.45			
1640.1	0.31			
1801.62	0.41			
1604.3	0.43			
1676.93	0.4			
1590.74	0.37			
1500.36	0.36			
1291.38	0.4			
1599.96	0.4			
1736.18	0.44			
1844.86	0.4			
1681.39	0.4			
1439.96	0.41			
1793.05	0.47			
1911.04	0.4			
1963.91	0.43			
1491.18	0.45			
1206.19	0.38			
1402.26	0.39			
1578.98	0.41			
1603.89	0.44			
2289.38	0.36			
1726.19	0.39			
1098.34	0.38			
1794.41	0.37			
1959.68	0.41			
1356.52	0.38			
1268.56	0.37			
1694.93	0.37			
1937.13	0.41			
1384.18	0.44			
1901.03	0.37			
1813.26	0.37			
1808.73	0.43			
1538.5	0.39			
1497.08	0.36			
1666.38	0.36			
1397.23	0.38			
1214.58	0.38			
1957.13	0.39			
1526.22	0.39			
1654.89	0.44			
1722.94	0.41			
1178.47	0.35			
1269.62	0.36			
1671.32	0.42			
1118.98	0.36			
1674.61	0.38			
1549.06	0.42			
1628.7	0.43			
1719.94	0.42			
1667.09	0.42			
1859.21	0.41			
1837.37	0.37			
1784.07	0.36			
1822.36	0.49			
1683.95	0.39			
1710.62	0.41			
1922.05	0.37			
1426.38	0.39			
1367.77	0.47			
1630.37	0.37			
1358.65	0.38			
1820.7	0.39			
2215.26	0.38			
1843.78	0.4			
1154.62	0.4			
1325.51	0.35			
1387.26	0.38			
1269.09	0.38			
1945.69	0.41			
1455.57	0.37			
1099.32	0.39			
1426.46	0.37			
1507.18	0.42			
1900.66	0.45			
1935.18	0.38			
1188.98	0.45			
1537.36	0.37			
1871.78	0.38			
997.64	0.38			
1846.12	0.4			
1514.78	0.35			
1712.08	0.38			
1606.85	0.41			
1646.58	0.42			
1065.48	0.4			
1463.85	0.38			
1267.72	0.36			
1259.31	0.4			
1425.02	0.35			
1818.54	0.39			
1573.9	0.41			
1752.57	0.46			
1662.19	0.4			
1656.1	0.39			
1574.79	0.39			
1722.25	0.43			
1830.18	0.32			
1779.25	0.39			
1320.04	0.42			
2035.32	0.39			
1735.09	0.41			
1648.09	0.42			
1817.81	0.47			
1534.17	0.35			
2076.17	0.38			
1118.92	0.36			
1557.58	0.44			
1515.8	0.37			
1300.91	0.43			
834.94	0.38			
1401.38	0.38			
1811.46	0.4			
1116.22	0.4			
1791.42	0.37			
1502.67	0.43			
1917.47	0.39			
1695.58	0.39			
1791.76	0.34			
2036.45	0.38			
1868.73	0.41			
1789.35	0.36			
1387.44	0.36			
1880.3	0.42			
1840.38	0.38			
1303.82	0.44			
1621.02	0.41			
1321.62	0.41			
2318.57	0.42			
1479.74	0.39			
1848.38	0.38			
1994.06	0.44			
2150.5	0.37			
1529.45	0.4			
1436.96	0.36			
1632.35	0.45			
1649.5	0.4			
1240.94	0.45			
1605.93	0.42			
1400.64	0.34			
1704.89	0.37			
1401.71	0.42			
2049.55	0.33			
1149.56	0.4			
1135.04	0.39			
1639.7	0.42			
1027.6	0.44			
1808.1	0.41			
1744.15	0.37			
1790.88	0.34			
1587.44	0.41			
1777.97	0.46			
1663.62	0.39			
1879.02	0.4			
1440.38	0.34			
1400.6	0.45			
1643.89	0.34			
1505.19	0.42			
1711.7	0.42			
1472.98	0.37			
1870.82	0.36			
2077.21	0.38			
1514.54	0.39			
1780.5	0.42			
1486.96	0.39			
1601.34	0.41			
1237.08	0.43			
1371.86	0.41			
1480.73	0.38			
1844.26	0.39			
1263.44	0.37			
1884.56	0.38			
1638.76	0.39			
1032.83	0.35			
1548.74	0.46			
1627.34	0.41			
1899.36	0.39			
1795.26	0.38			
1802.6	0.42			
873.06	0.35			
1295.34	0.37			
1853.12	0.43			
1290.46	0.4			
1466.25	0.43			
1361.3	0.37			
1114.53	0.44			
1472.44	0.36			
2076.74	0.37			
1456.73	0.38			
1696.92	0.45			
1600.19	0.35			
1325.43	0.38			
1666.3	0.39			
2072.19	0.4			
1300.02	0.34			
1656.04	0.4			
1822.74	0.39			
1883.02	0.39			
1140.21	0.38			
1533.02	0.39			
1862.37	0.37			
1556.18	0.38			
1732.38	0.38			
1737.19	0.37			
2194.87	0.45			
1703.62	0.43			
1750.81	0.38			
2188.5	0.41			
1765.61	0.37			
1824.01	0.46			
1733.75	0.36			
1631.45	0.48			
1029.95	0.45			
1783.86	0.34			
1878.6	0.42			
1427	0.35			
1180.12	0.44			
1473.87	0.4			
1232.17	0.4			
1468.65	0.43			
827.3	0.41			
1852.29	0.43			
2193.35	0.39			
1323.92	0.4			
1807.65	0.41			
2164.41	0.41			
1342.31	0.41			
1476.8	0.42			
1772.95	0.39			
1792.27	0.42			
1717.25	0.48			
1970.3	0.41			
1872.21	0.44			
1321.86	0.4			
1732.46	0.43			
1574.31	0.44			
1890.88	0.4			
1503.19	0.41			
1932.83	0.37			
1709.86	0.4			
1036.56	0.38			
1598.39	0.42			
1717.18	0.4			
1177.18	0.34			
2002.52	0.41			
1251.58	0.36			
1727.18	0.43			
1740.76	0.36			
1986.94	0.42			
1484.88	0.42			
1187.79	0.38			
1613.88	0.46			
1620.82	0.41			
2068.06	0.41			
1264.21	0.39			
1362.14	0.42			
1125.22	0.42			
1247.06	0.38			
1702.37	0.43			
1713.09	0.41			
1920.32	0.46			
1629.47	0.43			
1665.62	0.4			
1685.16	0.34			
1703.67	0.37			
1572.4	0.45			
1707.39	0.37			
1745.14	0.34			
1273.99	0.37			
1968.6	0.34			
1610.55	0.41			
1545.54	0.38			
1579.03	0.39			
1640.06	0.38			
1212.17	0.44			
1833.68	0.42			
944.9	0.4			
1830.91	0.47			
1666.99	0.37			
1537.57	0.42			
1284.21	0.39			
1712.94	0.37			
2053.22	0.38			
1435.63	0.36			
1103.05	0.42			
1510.77	0.47			
1643.86	0.42			
1808.47	0.44			
2040.14	0.39			
1737.01	0.4			
1758.95	0.39			
1283.58	0.4			
1903.78	0.42			
1491.1	0.43			
1902.19	0.41			
1438.72	0.36			
1475.74	0.41			
1847.67	0.34			
1702.49	0.42			
1530.77	0.42			
1583.31	0.47			
1724.21	0.39			
1019.49	0.43			
1374.31	0.38			
1794.9	0.4			
1443.74	0.36			
1638.43	0.38			
1664.06	0.44			
1730.86	0.36			
1604.58	0.37			
1640.08	0.41			
1384.12	0.43			
1336.89	0.36			
1803.07	0.42			
1538.74	0.37			
2068.62	0.41			
1515.46	0.34			
1500.02	0.39			
1377.52	0.36			
1497.1	0.39			
1686.36	0.36			
1732.66	0.39			
1594.99	0.4			
1693.01	0.39			
1706.75	0.37			
1535.35	0.39			
1442.71	0.43			
1351.59	0.38			
1660.26	0.34			
1794.46	0.36			
2053.84	0.4			
1547.04	0.46			
1375.84	0.44			
2052.91	0.42			
1408.7	0.42			
1617.74	0.36			
1374.54	0.42			
1414.12	0.39			
1942.42	0.43			
1500.96	0.41			
1634.45	0.39			
1580.57	0.4			
1538.39	0.45			
1696.74	0.4			
1449	0.37			
1469.06	0.42			
1319.95	0.45			
1785.66	0.41			
1700.31	0.41			
1964.91	0.39			
1080.66	0.38			
1353.06	0.41			
1133.95	0.41			
1624.35	0.43			
1555.12	0.36			
1217.82	0.4			
1406.9	0.4			
1605.51	0.39			
1554.92	0.41			
1613.36	0.42			
1546.39	0.39			
1908.23	0.38			
1411.91	0.42			
1817.54	0.39			
1851.89	0.36			
1625.58	0.4			
1581.24	0.39			
1317.58	0.36			
1352.35	0.36			
1361.35	0.41			
1650.71	0.4			
1935.54	0.38			
1834.3	0.34			
1417.11	0.4			
1455.69	0.37			
1227.89	0.43			
1292.18	0.41			
1981.12	0.4			
1601.76	0.48			
2378.04	0.38			
1470.15	0.43			
1646.02	0.41			
889.5	0.39			
1667.35	0.42			
1621.26	0.37			
1498.92	0.42			
1640.7	0.36			
1409.67	0.41			
1323.19	0.36			
1700.01	0.42			
1769.94	0.41			
1160.58	0.34			
2023.29	0.38			
1536.04	0.36			
1832.61	0.4			
2250.05	0.38			
1885.98	0.42			
1732.38	0.41			
1386.91	0.45			
1742.17	0.4			
1689.05	0.46			
1850.47	0.36			
1280.61	0.41			
1770.96	0.41			
1793.87	0.44			
1874.23	0.38			
1211.05	0.4			
1390.06	0.38			
1936.02	0.41			
1718.48	0.41			
1563.93	0.4			
967.9	0.38			
1933.21	0.45			
1881.66	0.46			
1575.09	0.42			
2062.96	0.38			
1035.49	0.47			
1512.74	0.42			
1226.78	0.42			
1386.76	0.41			
1545.52	0.38			
1786.7	0.43			
1897.22	0.39			
1430.75	0.39			
1434.02	0.38			
1579.09	0.39			
1551.39	0.49			
1212.1	0.33			
1642.59	0.39			
2013.54	0.42			
1500.87	0.3			
1444.85	0.39			
1547.54	0.44			
1646.5	0.42			
1128.1	0.32			
2002.88	0.38			
1944.75	0.47			
1259.84	0.37			
1654.25	0.39			
1477.83	0.44			
1843.38	0.43			
1820.69	0.39			
1670.06	0.45			
1768.87	0.38			
2064.45	0.39			
2109.35	0.39			
1551.78	0.42			
1437.43	0.37			
1536.57	0.39			
1432.85	0.4			
1565.18	0.35			
1552.84	0.37			
1596.1	0.38			
1749.78	0.4			
1327.03	0.39			
1305.66	0.4			
1666.56	0.4			
1620.02	0.42			
1542.55	0.41			
1709.82	0.39			
1672.51	0.38			
1683.99	0.41			
1099.94	0.4			
1348.73	0.41			
1605.26	0.38			
1612.71	0.38			
1513.41	0.41			
1811.45	0.41			
1436.18	0.41			
1832.21	0.36			
1601.5	0.37			
1497	0.36			
782.43	0.44			
1256.73	0.44			
1415.38	0.38			
1540.22	0.42			
1959.05	0.4			
1641.92	0.33			
1670.31	0.34			
2038.14	0.43			
1420.5	0.37			
2300.74	0.45			
1745.33	0.48			
1196.8	0.38			
1846.51	0.39			
2237.44	0.39			
1628.43	0.47			
1676.95	0.42			
1534.73	0.36			
1835.42	0.43			
1331.94	0.43			
2015.81	0.36			
1510.07	0.44			
1467.78	0.43			
2311.43	0.34			
1371.77	0.38			
1376.62	0.39			
1339.41	0.48			
1610.18	0.44			
1320.19	0.39			
1745.09	0.39			
838.26	0.36			
1461.38	0.37			
1414.38	0.4			
1189.83	0.37			
1868.36	0.46			
1885.53	0.41			
1583.3	0.4			
1370.56	0.46			
1263.34	0.36			
1962.97	0.43			
1942.78	0.39			
1573.67	0.4			
2185.58	0.37			
1589.88	0.41			
1960.74	0.45			
1937.04	0.44			
2159.76	0.45			
1836.69	0.45			
1886.23	0.44			
1853.28	0.41			
1561.88	0.4			
1950.95	0.42			
1528.93	0.41			
1743.1	0.42			
2109.73	0.39			
2235.44	0.39			
1790.66	0.43			
1707.96	0.44			
1204.35	0.47			
1678.77	0.4			
1687.26	0.5			
2042.89	0.42			
1427.89	0.42			
1921.71	0.44			
1247.65	0.45			
1740.01	0.38			
1388.92	0.43			
1875	0.4			
1145.54	0.41			
1773.13	0.41			
1762.37	0.37			
1617.06	0.42			
2227.96	0.45			
1845.06	0.41			
1279.04	0.33			
1821.7	0.39			
1365.1	0.41			
1822.3	0.41			
1314.14	0.4			
1831.34	0.39			
1373.51	0.43			
1959.18	0.43			
1624.5	0.41			
1644.23	0.46			
1907.7	0.36			
1911.46	0.45			
1927.58	0.43			
2056.5	0.41			
1509.6	0.42			
2057.75	0.38			
1534.94	0.36			
1287.26	0.42			
1621.46	0.39			
2056.64	0.42			
1732.21	0.42			
1425.58	0.39			
1464.92	0.4			
1556.09	0.45			
1655.21	0.5			
1085.03	0.37			
1369.26	0.41			
1862.44	0.47			
2008.72	0.46			
1925.11	0.37			
1978.38	0.38			
1584.93	0.38			
1576.83	0.45			
1215.64	0.41			
2126.46	0.41			
1227.49	0.5			
1680.68	0.42			
1341.43	0.4			
1473	0.37			
1414.64	0.44			
1164.55	0.38			
1787.08	0.41			
1600.37	0.39			
1691.49	0.42			
1822.72	0.46			
1752.02	0.38			
1635.28	0.41			
1593.5	0.37			
1987.58	0.42			
1700.43	0.38			
1839.06	0.44			
984.41	0.36			
1792.27	0.45			
2204.74	0.45			
1665.84	0.43			
1737.69	0.47			
1615.56	0.38			
1547	0.38			
1927.59	0.36			
1777.97	0.42			
1861.69	0.47			
1359.02	0.42			
1486	0.42			
1577.76	0.43			
1882.54	0.47			
1617.85	0.46			
1276.39	0.44			
1730.09	0.41			
2267.14	0.41			
1646.69	0.34			
1848.22	0.42			
1872.05	0.45			
1969.14	0.4			
1980.9	0.43			
1713.39	0.44			
2027.71	0.35			
1443.85	0.41			
1902.69	0.41			
1549.47	0.43			
2017.24	0.4			
1484.74	0.39			
1936.65	0.45			
1542.98	0.41			
1268.87	0.32			
1593.54	0.41			
1661.36	0.37			
1801.86	0.38			
2408.07	0.37			
1970.65	0.48			
1261.21	0.43			
1484.34	0.43			
1528.02	0.4			
1397.23	0.42			
1169.66	0.39			
1689.7	0.38			
1352.95	0.48			
1736.03	0.47			
1313.18	0.43			
1550.97	0.47			
1841.3	0.39			
1690.66	0.42			
1705.28	0.36			
1501.08	0.44			
1585.94	0.41			
1562.45	0.41			
1470.91	0.51			
1823.19	0.41			
1550.87	0.37			
1578.3	0.43			
1826.63	0.46			
1671.2	0.39			
1741.42	0.39			
1599.58	0.53			
1998.78	0.36			
1421.94	0.45			
1824.54	0.46			
1491.82	0.35			
1672.64	0.42			
2004.59	0.41			
1506.43	0.42			
1460.08	0.46			
1683.24	0.44			
1446.08	0.42			
1989.57	0.43			
1356.46	0.35			
1351.5	0.38			
1399.67	0.5			
1399.36	0.42			
1509.23	0.47			
1731.52	0.41			
1398.14	0.4			
1464.9	0.44			
1441.07	0.42			
1760.66	0.39			
1871.86	0.38			
1299.42	0.44			
1599.78	0.43			
1782.93	0.38			
1594.54	0.42			
1400.58	0.4			
1264.7	0.4			
1722.94	0.39			
1858.03	0.4			
1196.18	0.33			
2720.83	0.4			
1560.37	0.5			
1368.54	0.45			
1561.54	0.44			
1546	0.36			
1864.71	0.42			
1306.19	0.35			
1509.92	0.4			
1843.46	0.4			
2344.74	0.42			
1590.89	0.4			
1598.74	0.36			
2068.05	0.45			
1324.64	0.48			
1622.58	0.42			
1647.3	0.42			
1764.82	0.36			
1562.39	0.42			
1659.94	0.43			
1696.83	0.45			
1716.36	0.43			
1577.01	0.39			
1887.94	0.38			
1921.36	0.38			
1462.62	0.42			
1988.54	0.4			
1381.6	0.4			
1728.07	0.44			
1663.88	0.43			
1624.2	0.41			
1750.5	0.37			
1590.78	0.38			
1125.79	0.38			
1721.04	0.37			
1850.31	0.45			
1836.1	0.43			
1712.71	0.49			
1426.62	0.36			
2067.54	0.39			
1688.71	0.43			
864.24	0.42			
1658.25	0.44			
1397.38	0.35			
1733.55	0.48			
1409.35	0.4			
1885.44	0.45			
1095.33	0.41			
1836.44	0.41			
1352.92	0.41			
1316.52	0.4			
1218.61	0.47			
1326.34	0.39			
1615.7	0.37			
1597.7	0.43			
2024.73	0.36			
1833.14	0.38			
1705.84	0.41			
1543.83	0.43			
1268.12	0.4			
1326.94	0.49			
1544.85	0.37			
1403.58	0.4			
1874.92	0.4			
1717.04	0.41			
1951.06	0.44			
1394.97	0.44			
1646.39	0.49			
1669.37	0.49			
2199.73	0.4			
1022.96	0.47			
1531.89	0.48			
1964.11	0.39			
1825.85	0.41			
1621.71	0.39			
1586.19	0.37			
1080.19	0.33			
1488.33	0.46			
1002.79	0.35			
1905.87	0.38			
1867.44	0.41			
1246.84	0.4			
1664.43	0.43			
1800.77	0.38			
1713.9	0.49			
1441.63	0.41			
1461.58	0.36			
1700.2	0.44			
1617.18	0.39			
1548.02	0.41			
1305.9	0.36			
1102.26	0.39			
1421.78	0.44			
1455.95	0.4			
1779.08	0.43			
1480.28	0.4			
1043.63	0.47			
1593.14	0.4			
1727.2	0.38			
1524.98	0.4			
1404.7	0.42			
1585.13	0.39			
1847.9	0.41			
1751.03	0.39			
1837.39	0.46			
1756.66	0.42			
1551.4	0.39			
1845.35	0.41			
1780.38	0.43			
1964.46	0.44			
1392.75	0.44			
1492.78	0.37			
1360.26	0.4			
1296.69	0.45			
2048.18	0.45			
1758.93	0.4			
1600.49	0.41			
1816.3	0.39			
1613.46	0.43			
1794.23	0.4			
1634.2	0.42			
2071.52	0.43			
1209.86	0.41			
1921.18	0.43			
1302.42	0.42			
1601.13	0.48			
1427.71	0.41			
1441.46	0.41			
1528.9	0.46			
1593.95	0.41			
1683.33	0.45			
1012.28	0.44			
1577.6	0.41			
1710.11	0.38			
1800.31	0.33			
1825.23	0.44			
1406.04	0.4			
1700.29	0.42			
1528.46	0.45			
1355.47	0.43			
1682.38	0.42			
1250.51	0.38			
1456.99	0.44			
2097.62	0.38			
1812.29	0.43			
2269.56	0.39			
1418.72	0.42			
1271.44	0.44			
1440.57	0.37			
1332.13	0.41			
1292.48	0.43			
1667.45	0.4			
1875.02	0.41			
1766.42	0.37			
1464.03	0.49			
1742.45	0.37			
1885.89	0.44			
1402.29	0.37			
1370.01	0.39			
1750.96	0.36			
1191.51	0.47			
1468.58	0.45			
1643.51	0.44			
1804.5	0.4			
1962.01	0.41			
1504.11	0.35			
1221.98	0.38			
2072.02	0.43			
1607.81	0.43			
1909.5	0.4			
1486.22	0.41			
2069.4	0.45			
1139.64	0.48			
2038.57	0.41			
1719.98	0.41			
1281.96	0.41			
1347.58	0.43			
1348.23	0.4			
1630.31	0.43			
1781.32	0.51			
1822.62	0.38			
1873.92	0.47			
2253.82	0.42			
1859.13	0.39			
1754.83	0.42			
1492.93	0.39			
1677.61	0.4			
1682.62	0.42			
1507.98	0.42			
1832.47	0.38			
1136.32	0.39			
1827.02	0.42			
1532.87	0.44			
1627.72	0.43			
1803.14	0.4			
1356.46	0.38			
1914.53	0.46			
1898.06	0.39			
1698.09	0.39			
1328.25	0.42			
1072.17	0.47			
1516.02	0.49			
1655.61	0.38			
1305.34	0.35			
1820.1	0.41			
1626.61	0.41			
1425.96	0.4			
1645.97	0.42			
1328.3	0.41			
1357.82	0.38			
1401.24	0.41			
1856.36	0.4			
1241.06	0.36			
1871.79	0.39			
1866.01	0.37			
1318.14	0.4			
1510.82	0.38			
1763.16	0.42			
1353.87	0.43			
1575.06	0.4			
1732.98	0.35			
1549.56	0.39			
1342.74	0.41			
1368.08	0.43			
1726.83	0.46			
1478.17	0.45			
1703.9	0.4			
1945.15	0.45			
1878.58	0.47			
1784.16	0.44			
1217.75	0.47			
1830.52	0.39			
1445.04	0.37			
2010.79	0.37			
1460.05	0.39			
1989.65	0.39			
1046.94	0.39			
1824.95	0.45			
1780.1	0.41			
1755.42	0.45			
1667.44	0.48			
2063.38	0.43			
1324.7	0.45			
1783	0.42			
1873.13	0.38			
1643.55	0.46			
1725.32	0.36			
1892.18	0.49			
1678.46	0.39			
1466.14	0.38			
1803.69	0.41			
1516.08	0.45			
1295.34	0.41			
1971.33	0.37			
989.38	0.43			
1343.03	0.4			
2262.4	0.41			
1968.29	0.46			
1121.15	0.4			
1546.16	0.36			
1272.89	0.41			
1113.5	0.43			
1495.84	0.38			
1379.3	0.41			
1573.05	0.43			
1368.53	0.41			
1180.34	0.36			
1658.24	0.38			
1565.29	0.42			
1679.39	0.37			
1765.78	0.42			
1466.71	0.39			
2004.41	0.42			
1634.16	0.38			
1870.82	0.46			
1416.22	0.44			
2117.28	0.44			
1529.28	0.38			
1982.97	0.4			
1341	0.44			
1731.62	0.43			
1937.39	0.46			
1301.74	0.48			
1824.18	0.39			
1759.02	0.39			
1931.57	0.45			
1644.39	0.4			
1736.13	0.47			
1615.4	0.41			
2027.28	0.37			
1636.26	0.38			
2008.06	0.46			
1118.7	0.41			
2265.73	0.45			
1761.6	0.5			
1288.72	0.41			
1708.74	0.4			
1616.88	0.38			
1834.64	0.43			
1529.16	0.41			
1545.71	0.44			
1839.58	0.37			
1657.82	0.48			
1623.28	0.41			
1793.84	0.39			
1340.47	0.38			
2091.3	0.43			
1644.03	0.4			
	0.42			
	0.39			
	0.37			
	0.4			
	0.43			
	0.44			
	0.42			
	0.42			
	0.41			
	0.4			
	0.43			
	0.44			
	0.4			
	0.42			
	0.44			
	0.45			
	0.45			
	0.42			
	0.4			
	0.4			
	0.44			
	0.4			
	0.39			
	0.42			
	0.45			
	0.42			
	0.39			
	0.46			
	0.43			
	0.4			
	0.39			
	0.42			
	0.45			
	0.39			
	0.44			
	0.42			
	0.42			
	0.33			
	0.41			
	0.41			
	0.43			
	0.42			
	0.45			
	0.37			
	0.36			
	0.42			
	0.42			
	0.38			
	0.38			
	0.4			
	0.43			
	0.39			
	0.42			
	0.37			
	0.46			
	0.44			
	0.42			
	0.39			
	0.47			
	0.39			
	0.46			
	0.39			
	0.37			
	0.43			
	0.44			
	0.38			
	0.42			
	0.48			
	0.41			
	0.44			
	0.41			
	0.43			
	0.41			
	0.51			
	0.42			
	0.41			
	0.37			
	0.39			
	0.38			
	0.39			
	0.38			
	0.4			
	0.51			
	0.42			
	0.46			
	0.42			
	0.5			
	0.35			
	0.39			
	0.37			
	0.41			
	0.41			
	0.41			
	0.43			
	0.43			
	0.42			
	0.37			
	0.36			
	0.42			
	0.37			
	0.47			
	0.44			
	0.4			
	0.45			
	0.41			
	0.35			
	0.41			
	0.38			
	0.42			
	0.44			
	0.5			
	0.39			
	0.44			
	0.46			
	0.43			
	0.46			
	0.39			
	0.39			
	0.39			
	0.45			
	0.51			
	0.41			
	0.42			
	0.43			
	0.48			
	0.39			
	0.39			
	0.42			
	0.46			
	0.44			
	0.36			
	0.49			
	0.46			
	0.45			
	0.39			
	0.4			
	0.38			
	0.39			
	0.37			
	0.44			
	0.49			
	0.39			
	0.45			
	0.44			
	0.45			
	0.36			
	0.41			
	0.48			
	0.41			
	0.39			
	0.4			
	0.39			
	0.42			
	0.4			
	0.42			
	0.42			
	0.44			
	0.42			
	0.43			
	0.41			
	0.42			
	0.47			
	0.46			
	0.46			
	0.39			
	0.39			
	0.44			
	0.43			
	0.4			
	0.4			
	0.38			
	0.39			
	0.44			
	0.43			
	0.36			
	0.4			
	0.39			
	0.35			
	0.43			
	0.4			
	0.45			
	0.44			
	0.43			
	0.39			
	0.37			
	0.43			
	0.36			
	0.4			
	0.4			
	0.37			
	0.41			
	0.39			
	0.39			
	0.37			
	0.39			
	0.44			
	0.41			
	0.43			
	0.44			
	0.39			
	0.36			
	0.39			
	0.41			
	0.43			
	0.39			
	0.49			
	0.41			
	0.37			
	0.42			
	0.39			
	0.37			
	0.38			
	0.49			
	0.42			
	0.44			
	0.44			
	0.43			
	0.4			
	0.41			
	0.38			
	0.4			
	0.35			
	0.41			
	0.43			
	0.44			
	0.42			
	0.41			
	0.45			
	0.47			
	0.44			
	0.4			
	0.48			
	0.44			
	0.46			
	0.43			
	0.37			
	0.45			
	0.37			
	0.45			
	0.39			
	0.39			
	0.39			
	0.42			
	0.44			
	0.39			
	0.42			
	0.39			
	0.4			
	0.4			
	0.39			
	0.44			
	0.43			
	0.42			
	0.37			
	0.36			
	0.43			
	0.4			
	0.44			
	0.4			
	0.45			
	0.42			
	0.44			
	0.41			
	0.46			
	0.52			
	0.41			
	0.42			
	0.35			
	0.41			
	0.41			
	0.42			
	0.38			
	0.39			
	0.36			
	0.36			
	0.39			
	0.41			
	0.4			
	0.41			
	0.45			
	0.41			
	0.44			
	0.37			
	0.4			
	0.44			
	0.41			
	0.47			
	0.51			
	0.36			
	0.36			
	0.41			
	0.38			
	0.4			
	0.42			
	0.46			
	0.38			
	0.42			
	0.4			
	0.42			
	0.42			
	0.43			
	0.4			
	0.36			
	0.49			
	0.38			
	0.46			
	0.47			
	0.43			
	0.44			
	0.43			
	0.37			
	0.43			
	0.42			
	0.4			
	0.43			
	0.42			
	0.4			
	0.38			
	0.44			
	0.42			
	0.49			
	0.41			
	0.39			
	0.43			
	0.44			
	0.47			
	0.43			
	0.4			
	0.39			
	0.42			
	0.43			
	0.4			
	0.44			
	0.4			
	0.42			
	0.39			
	0.43			
	0.44			
	0.42			
	0.49			
	0.42			
	0.39			
	0.42			
	0.41			
	0.42			
	0.46			
	0.45			
	0.44			
	0.41			
	0.44			
	0.42			
	0.46			
	0.41			
	0.46			
	0.47			
	0.37			
	0.4			
	0.36			
	0.38			
	0.36			
	0.4			
	0.38			
	0.43			
	0.43			
	0.43			
	0.46			
	0.4			
	0.37			
	0.39			
	0.35			
	0.4			
	0.44			
	0.42			
	0.38			
	0.4			
	0.43			
	0.39			
	0.42			
	0.39			
	0.4			
	0.38			
	0.41			
	0.44			
	0.4			
	0.38			
	0.37			
	0.41			
	0.43			
	0.39			
	0.39			
	0.37			
	0.43			
	0.46			
	0.38			
	0.43			
	0.36			
	0.37			
	0.37			
	0.43			
	0.47			
	0.43			
	0.43			
	0.41			
	0.39			
	0.44			
	0.41			
	0.45			
	0.4			
	0.36			
	0.44			
	0.43			
	0.39			
	0.37			
	0.38			
	0.39			
	0.38			
	0.41			
	0.43			
	0.37			
	0.42			
	0.41			
	0.45			
	0.51			
	0.43			
	0.42			
	0.43			
	0.44			
	0.44			
	0.38			
	0.4			
	0.46			
	0.35			
	0.41			
	0.5			
	0.42			
	0.42			
	0.43			
	0.4			
	0.41			
	0.4			
	0.37			
	0.35			
	0.37			
	0.4			
	0.43			
	0.41			
	0.42			
	0.44			
	0.39			
	0.4			
	0.46			
	0.4			
	0.39			
	0.41			
	0.43			
	0.36			
	0.43			
	0.39			
	0.48			
	0.38			
	0.44			
	0.34			
	0.38			
	0.41			
	0.41			
	0.4			
	0.41			
	0.41			
	0.41			
	0.44			
	0.41			
	0.41			
	0.41			
	0.41			
	0.42			
	0.39			
	0.44			
	0.42			
	0.41			
	0.41			
	0.4			
	0.39			
	0.43			
	0.45			
	0.37			
	0.47			
	0.4			
	0.43			
	0.41			
	0.42			
	0.44			
	0.43			
	0.4			
	0.37			
	0.38			
	0.48			
	0.38			
	0.42			
	0.37			
	0.42			
