"x"
6.41481311060488
1.91224505193532
8.44839796599702
10.1348285517296
4.19735046569258
5.39051581174135
1.5258562611416
5.29096531681716
21.3319240073601
17.6024995549562
41.3466485382474
8.87575563363503
4.32799296919256
39.6278150847063
9.38739716964674
4.82328144833446
0.323380953632295
12.8841686244578
0.152702564373612
40.1437637747681
26.7658203641388
12.5767440344663
2.25534289950131
4.31277506519109
10.1384965139897
2.70374458283186
0.20566821610315
10.2352072573723
9.0970995660183
19.887806213552
17.9868200639631
10.6544446289064
10.33278669021
15.4687082882691
2.46950132772326
2.3018743051216
1.31055041681975
12.3393205735357
9.67795924438371
10.0239133745595
30.7834420336371
5.4481843020767
4.52218296471983
17.2220412260833
32.9844050837641
6.52779038995504
5.17880912870169
5.85440089460462
1.30397831089795
1.55895536853717
