"x"
1.03918678135615
3.89469972345978
6.65706184692681
27.2412566269252
52.7808170177438
4.84834808926213
1.1829031817615
4.74127370133502
4.59223342593759
7.4462115531345
7.21716635818494
0.0451739480470316
9.53713568816793
13.3828643518956
1.80388156790286
4.47214692365378
6.07206277083606
0.00698034185916185
1.55005637090653
19.7429277553203
8.51733677978528
4.23429389949888
0.610646527841814
12.2082790842362
9.80627665254188
16.8352831891718
28.4045602364426
15.2042606791287
3.8409963902086
7.88170771631313
11.5481482814522
9.90287291775358
35.5935912372029
2.12978304410799
1.4971125821575
0.777853159233928
30.0398707373028
23.4439935336325
0.429225769191869
0.981093738361564
4.16524309591565
0.129204828663259
4.00557594373822
2.85483758896589
1.04958644136786
28.1955381723166
1.7980476786157
7.13091515893948
14.0579513764995
12.7767592943729
3.27237146076562
3.64062998443842
9.85326892403887
39.8683170021927
10.760063221258
6.41457224730402
2.65926868949156
14.9073066181483
31.4480087434541
9.00440419050765
38.2564120532429
6.61718271207064
3.60362644497547
8.4909044015677
9.61502009577476
9.43860599729133
12.3349560047956
1.62595831323415
13.6887437287242
10.110507979569
4.340775220218
4.51641805935651
4.804229256697
29.6150665713434
10.5165061296201
29.9580202979927
25.3213792032954
10.3916323087634
12.4287104974957
6.52747145388275
31.1047874172792
12.9317924999973
8.45990176270616
0.823749774135649
10.9762182361902
4.37436121981591
0.650655221579631
0.326936257067076
13.8983874933395
8.09687731745553
22.2130579763019
7.00788777279568
19.9561634278836
3.97782367323634
5.64518821425736
7.56129052052386
5.66911121830344
9.49812083463085
19.2710898550327
14.9342170960671
2.8860153676942
4.90710446611047
10.0786792017044
0.402653333730996
7.89622598285687
8.37736879433406
1.68554440120786
6.29267648328096
9.47700525591982
46.141939830533
5.73764146305621
9.26860216963005
8.60185977710955
5.76052757445723
8.97645375649345
1.68984131059025
21.8132895777438
7.0064011305095
4.27688840776682
8.05565886157465
12.7654954600604
27.6750430265877
3.79326649010181
8.95568332592857
8.04477049927127
0.791221568360925
1.34731683583873
2.60799256619066
10.8948839544774
2.66373682301491
9.1841470818491
23.0154042119596
22.1986540208075
6.95635763790758
19.5661565466764
3.15036293119192
0.564566575467213
16.3685136218725
2.83661776247158
33.1177820248489
4.04418645892292
6.52295873500407
0.604308587498963
1.69053270947188
3.66581759415567
8.1290539349885
5.43344805017114
3.53853672742844
3.26112565584481
7.14129098649037
